minsec,seconds,optB,timestamp
2038,1636291238,10,1636291238.134020
2039,1636291239,10,1636291239.140858
2040,1636291240,10,1636291240.147406
2041,1636291241,10,1636291241.153897
2042,1636291242,10,1636291242.159875
2043,1636291243,10,1636291243.173787
2044,1636291244,10,1636291244.179968
2045,1636291245,10,1636291245.184722
2046,1636291246,10,1636291246.190422
2047,1636291247,10,1636291247.196901
2048,1636291248,8,1636291248.210364
2049,1636291249,8,1636291249.215970
2050,1636291250,8,1636291250.221809
2051,1636291251,8,1636291251.228333
2052,1636291252,8,1636291252.235005
2053,1636291253,8,1636291253.249914
2054,1636291254,8,1636291254.256227
2055,1636291255,8,1636291255.261867
2056,1636291256,8,1636291256.267994
2057,1636291257,8,1636291257.274400
2058,1636291258,6,1636291258.285577
2059,1636291259,6,1636291259.289360
2100,1636291260,6,1636291260.294026
2101,1636291261,6,1636291261.300381
2102,1636291262,6,1636291262.307175
2103,1636291263,4,1636291263.320537
2104,1636291264,4,1636291264.327024
2105,1636291265,4,1636291265.332270
2106,1636291266,4,1636291266.338635
2107,1636291267,4,1636291267.345438
2108,1636291268,2,1636291268.360762
2109,1636291269,2,1636291269.367407
2110,1636291270,2,1636291270.372379
2111,1636291271,2,1636291271.378684
2112,1636291272,2,1636291272.385364
2113,1636291273,2,1636291273.398522
2114,1636291274,2,1636291274.404946
2115,1636291275,2,1636291275.410867
2116,1636291276,2,1636291276.417080
2117,1636291277,2,1636291277.423828
2118,1636291278,2,1636291278.439180
2119,1636291279,2,1636291279.445670
2120,1636291280,2,1636291280.450974
2121,1636291281,2,1636291281.456986
2122,1636291282,2,1636291282.463044
2123,1636291283,4,1636291283.475651
2124,1636291284,4,1636291284.481978
2125,1636291285,4,1636291285.487965
2126,1636291286,4,1636291286.494309
2127,1636291287,4,1636291287.500892
2128,1636291288,6,1636291288.516248
2129,1636291289,6,1636291289.523015
2130,1636291290,6,1636291290.527105
2131,1636291291,6,1636291291.532435
2132,1636291292,6,1636291292.538931
2133,1636291293,8,1636291293.551846
2134,1636291294,8,1636291294.558478
2135,1636291295,8,1636291295.565114
2136,1636291296,8,1636291296.571349
2137,1636291297,8,1636291297.577785
2138,1636291298,8,1636291298.593024
2139,1636291299,8,1636291299.599281
2140,1636291300,8,1636291300.605777
2141,1636291301,8,1636291301.612217
2142,1636291302,8,1636291302.618907
2143,1636291303,10,1636291303.633975
2144,1636291304,10,1636291304.640744
2145,1636291305,10,1636291305.647463
2146,1636291306,10,1636291306.654111
2147,1636291307,10,1636291307.660490
2148,1636291308,10,1636291308.674331
2149,1636291309,10,1636291309.679518
2150,1636291310,10,1636291310.684697
2151,1636291311,10,1636291311.691346
2152,1636291312,10,1636291312.698035
2153,1636291313,10,1636291313.711424
2154,1636291314,10,1636291314.717726
2155,1636291315,10,1636291315.724394
2156,1636291316,10,1636291316.731050
2157,1636291317,10,1636291317.736038
2158,1636291318,8,1636291318.748526
2159,1636291319,8,1636291319.753948
2200,1636291320,8,1636291320.759656
2201,1636291321,8,1636291321.765125
2202,1636291322,8,1636291322.770997
2203,1636291323,8,1636291323.783107
2204,1636291324,8,1636291324.788762
2205,1636291325,8,1636291325.793713
2206,1636291326,8,1636291326.798165
2207,1636291327,8,1636291327.804276
2208,1636291328,6,1636291328.818339
2209,1636291329,6,1636291329.825527
2210,1636291330,6,1636291330.831774
2211,1636291331,6,1636291331.838351
2212,1636291332,6,1636291332.845115
2213,1636291333,4,1636291333.862870
2214,1636291334,4,1636291334.869554
2215,1636291335,4,1636291335.877298
2216,1636291336,4,1636291336.883803
2217,1636291337,4,1636291337.890736
2218,1636291338,2,1636291338.906743
2219,1636291339,2,1636291339.913389
2220,1636291340,2,1636291340.920278
2221,1636291341,2,1636291341.926769
2222,1636291342,2,1636291342.933430
2223,1636291343,2,1636291343.948294
2224,1636291344,2,1636291344.954730
2225,1636291345,2,1636291345.960523
2226,1636291346,2,1636291346.966864
2227,1636291347,2,1636291347.973502
2228,1636291348,2,1636291348.988113
2229,1636291349,2,1636291349.994533
2230,1636291350,2,1636291351.000833
2232,1636291352,2,1636291352.007417
2233,1636291353,2,1636291353.013537
2234,1636291354,4,1636291354.026262
2235,1636291355,4,1636291355.030628
2236,1636291356,4,1636291356.036498
2237,1636291357,4,1636291357.042472
2238,1636291358,4,1636291358.047351
2239,1636291359,6,1636291359.059445
2240,1636291360,6,1636291360.065488
2241,1636291361,6,1636291361.072025
2242,1636291362,6,1636291362.078623
2243,1636291363,6,1636291363.085044
2244,1636291364,8,1636291364.099687
2245,1636291365,8,1636291365.105798
2246,1636291366,8,1636291366.111763
2247,1636291367,8,1636291367.116180
2248,1636291368,8,1636291368.122335
2249,1636291369,8,1636291369.134150
2250,1636291370,8,1636291370.141079
2251,1636291371,8,1636291371.147696
2252,1636291372,8,1636291372.152605
2253,1636291373,8,1636291373.158789
2254,1636291374,10,1636291374.171785
2255,1636291375,10,1636291375.177830
2256,1636291376,10,1636291376.184116
2257,1636291377,10,1636291377.191378
2258,1636291378,10,1636291378.197738
2259,1636291379,10,1636291379.212108
2300,1636291380,10,1636291380.218864
2301,1636291381,10,1636291381.225375
2302,1636291382,10,1636291382.231791
2303,1636291383,10,1636291383.238166
2304,1636291384,10,1636291384.252214
2305,1636291385,10,1636291385.258844
2306,1636291386,10,1636291386.263967
2307,1636291387,10,1636291387.269482
2308,1636291388,10,1636291388.275513
2309,1636291389,8,1636291389.289705
2310,1636291390,8,1636291390.294682
2311,1636291391,8,1636291391.300337
2312,1636291392,8,1636291392.305171
2313,1636291393,8,1636291393.311200
2314,1636291394,8,1636291394.323314
2315,1636291395,8,1636291395.329906
2316,1636291396,8,1636291396.336464
2317,1636291397,8,1636291397.340719
2318,1636291398,8,1636291398.346320
2319,1636291399,6,1636291399.357866
2320,1636291400,6,1636291400.364408
2321,1636291401,6,1636291401.371165
2322,1636291402,6,1636291402.377661
2323,1636291403,6,1636291403.384091
2324,1636291404,4,1636291404.397993
2325,1636291405,4,1636291405.403348
2326,1636291406,4,1636291406.409564
2327,1636291407,4,1636291407.416383
2328,1636291408,4,1636291408.422737
2329,1636291409,2,1636291409.436618
2330,1636291410,2,1636291410.443088
2331,1636291411,2,1636291411.449769
2332,1636291412,2,1636291412.455243
2333,1636291413,2,1636291413.461560
2334,1636291414,2,1636291414.477583
2335,1636291415,2,1636291415.483977
2336,1636291416,2,1636291416.489718
2337,1636291417,2,1636291417.495810
2338,1636291418,2,1636291418.502032
2339,1636291419,2,1636291419.516921
2340,1636291420,2,1636291420.523437
2341,1636291421,2,1636291421.530218
2342,1636291422,2,1636291422.536618
2343,1636291423,2,1636291423.541410
2344,1636291424,4,1636291424.552414
2345,1636291425,4,1636291425.558683
2346,1636291426,4,1636291426.565530
2347,1636291427,4,1636291427.572396
2348,1636291428,4,1636291428.579480
2349,1636291429,6,1636291429.593044
2350,1636291430,6,1636291430.599040
2351,1636291431,6,1636291431.605731
2352,1636291432,6,1636291432.612488
2353,1636291433,6,1636291433.619262
2354,1636291434,8,1636291434.634206
2355,1636291435,8,1636291435.640273
2356,1636291436,8,1636291436.646582
2357,1636291437,8,1636291437.652910
2358,1636291438,8,1636291438.660486
2359,1636291439,8,1636291439.674127
2400,1636291440,8,1636291440.680683
2401,1636291441,8,1636291441.687006
2402,1636291442,8,1636291442.693500
2403,1636291443,8,1636291443.699901
2404,1636291444,10,1636291444.715500
2405,1636291445,10,1636291445.720464
2406,1636291446,10,1636291446.724576
2407,1636291447,10,1636291447.730570
2408,1636291448,10,1636291448.737252
2409,1636291449,10,1636291449.749923
2410,1636291450,10,1636291450.756034
2411,1636291451,10,1636291451.762222
2412,1636291452,10,1636291452.767388
2413,1636291453,10,1636291453.773227
2414,1636291454,10,1636291454.786315
2415,1636291455,10,1636291455.790523
2416,1636291456,10,1636291456.795422
2417,1636291457,10,1636291457.800891
2418,1636291458,10,1636291458.806658
2419,1636291459,8,1636291459.821427
2420,1636291460,8,1636291460.828107
2421,1636291461,8,1636291461.834941
2422,1636291462,8,1636291462.841833
2423,1636291463,8,1636291463.847696
2424,1636291464,8,1636291464.861108
2425,1636291465,8,1636291465.867435
2426,1636291466,8,1636291466.874210
2427,1636291467,8,1636291467.880922
2428,1636291468,8,1636291468.887754
2429,1636291469,6,1636291469.901486
2430,1636291470,6,1636291470.908255
2431,1636291471,6,1636291471.914726
2432,1636291472,6,1636291472.921586
2433,1636291473,6,1636291473.926918
2434,1636291474,4,1636291474.941034
2435,1636291475,4,1636291475.947780
2436,1636291476,4,1636291476.954111
2437,1636291477,4,1636291477.960578
2438,1636291478,4,1636291478.967010
2439,1636291479,2,1636291479.981067
2440,1636291480,2,1636291480.987541
2441,1636291481,2,1636291481.994222
2442,1636291482,2,1636291483.000535
2444,1636291484,2,1636291484.007251
2445,1636291485,2,1636291485.021671
2446,1636291486,2,1636291486.028361
2447,1636291487,2,1636291487.034012
2448,1636291488,2,1636291488.038819
2449,1636291489,2,1636291489.044687
2450,1636291490,2,1636291490.056153
2451,1636291491,2,1636291491.062755
2452,1636291492,2,1636291492.069503
2453,1636291493,2,1636291493.075325
2454,1636291494,2,1636291494.081730
2455,1636291495,4,1636291495.095928
2456,1636291496,4,1636291496.102473
2457,1636291497,4,1636291497.109132
2458,1636291498,4,1636291498.115799
2459,1636291499,4,1636291499.122653
2500,1636291500,6,1636291500.137936
2501,1636291501,6,1636291501.144701
2502,1636291502,6,1636291502.151663
2503,1636291503,6,1636291503.158345
2504,1636291504,6,1636291504.165242
2505,1636291505,8,1636291505.180563
2506,1636291506,8,1636291506.187323
2507,1636291507,8,1636291507.194115
2508,1636291508,8,1636291508.201156
2509,1636291509,8,1636291509.208080
2510,1636291510,8,1636291510.222202
2511,1636291511,8,1636291511.228571
2512,1636291512,8,1636291512.235362
2513,1636291513,8,1636291513.241829
2514,1636291514,8,1636291514.248606
2515,1636291515,10,1636291515.261972
2516,1636291516,10,1636291516.268695
2517,1636291517,10,1636291517.275395
2518,1636291518,10,1636291518.281989
2519,1636291519,10,1636291519.288644
2520,1636291520,10,1636291520.302130
2521,1636291521,10,1636291521.307135
2522,1636291522,10,1636291522.313549
2523,1636291523,10,1636291523.320007
2524,1636291524,10,1636291524.326009
2525,1636291525,10,1636291525.339866
2526,1636291526,10,1636291526.344969
2527,1636291527,10,1636291527.350589
2528,1636291528,10,1636291528.357158
2529,1636291529,10,1636291529.363922
2530,1636291530,8,1636291530.378615
2531,1636291531,8,1636291531.385981
2532,1636291532,8,1636291532.392517
2533,1636291533,8,1636291533.399492
2534,1636291534,8,1636291534.406039
2535,1636291535,8,1636291535.420419
2536,1636291536,8,1636291536.427585
2537,1636291537,8,1636291537.433815
2538,1636291538,8,1636291538.440867
2539,1636291539,8,1636291539.447613
2540,1636291540,6,1636291540.462238
2541,1636291541,6,1636291541.469094
2542,1636291542,6,1636291542.475993
2543,1636291543,6,1636291543.482833
2544,1636291544,6,1636291544.489669
2545,1636291545,4,1636291545.503991
2546,1636291546,4,1636291546.510385
2547,1636291547,4,1636291547.517356
2548,1636291548,4,1636291548.523970
2549,1636291549,4,1636291549.530643
2550,1636291550,2,1636291550.545161
2551,1636291551,2,1636291551.551819
2552,1636291552,2,1636291552.556950
2553,1636291553,2,1636291553.562185
2554,1636291554,2,1636291554.568337
2555,1636291555,2,1636291555.583073
2556,1636291556,2,1636291556.589374
2557,1636291557,2,1636291557.595358
2558,1636291558,2,1636291558.601060
2559,1636291559,2,1636291559.607378
2600,1636291560,2,1636291560.620257
2601,1636291561,2,1636291561.626622
2602,1636291562,2,1636291562.633484
2603,1636291563,2,1636291563.639122
2604,1636291564,2,1636291564.645609
2605,1636291565,4,1636291565.660064
2606,1636291566,4,1636291566.665888
2607,1636291567,4,1636291567.671642
2608,1636291568,4,1636291568.678113
2609,1636291569,4,1636291569.684682
2610,1636291570,6,1636291570.699913
2611,1636291571,6,1636291571.706655
2612,1636291572,6,1636291572.713556
2613,1636291573,6,1636291573.720318
2614,1636291574,6,1636291574.727010
2615,1636291575,8,1636291575.743160
2616,1636291576,8,1636291576.750114
2617,1636291577,8,1636291577.756449
2618,1636291578,8,1636291578.762681
2619,1636291579,8,1636291579.768807
2620,1636291580,8,1636291580.783295
2621,1636291581,8,1636291581.789580
2622,1636291582,8,1636291582.796437
2623,1636291583,8,1636291583.802373
2624,1636291584,8,1636291584.808274
2625,1636291585,10,1636291585.820530
2626,1636291586,10,1636291586.824267
2627,1636291587,10,1636291587.830528
2628,1636291588,10,1636291588.837447
2629,1636291589,10,1636291589.844215
2630,1636291590,10,1636291590.857408
2631,1636291591,10,1636291591.864040
2632,1636291592,10,1636291592.870909
2633,1636291593,10,1636291593.877579
2634,1636291594,10,1636291594.884448
2635,1636291595,10,1636291595.900102
2636,1636291596,10,1636291596.906735
2637,1636291597,10,1636291597.913953
2638,1636291598,10,1636291598.920223
2639,1636291599,10,1636291599.927526
2640,1636291600,8,1636291600.940748
2641,1636291601,8,1636291601.945284
2642,1636291602,8,1636291602.951468
2643,1636291603,8,1636291603.957831
2644,1636291604,8,1636291604.963826
2645,1636291605,8,1636291605.974257
2646,1636291606,8,1636291606.978649
2647,1636291607,8,1636291607.982760
2648,1636291608,8,1636291608.987676
2649,1636291609,8,1636291609.992112
2651,1636291611,6,1636291611.002778
2652,1636291612,6,1636291612.009189
2653,1636291613,6,1636291613.015000
2654,1636291614,6,1636291614.021124
2655,1636291615,6,1636291615.026004
2656,1636291616,4,1636291616.035456
2657,1636291617,4,1636291617.039185
2658,1636291618,4,1636291618.043132
2659,1636291619,4,1636291619.049002
2700,1636291620,4,1636291620.052523
2701,1636291621,2,1636291621.060683
2702,1636291622,2,1636291622.066565
2703,1636291623,2,1636291623.072301
2704,1636291624,2,1636291624.077162
2705,1636291625,2,1636291625.082036
2706,1636291626,2,1636291626.094161
2707,1636291627,2,1636291627.099478
2708,1636291628,2,1636291628.105632
2709,1636291629,2,1636291629.110875
2710,1636291630,2,1636291630.116273
2711,1636291631,2,1636291631.126200
2712,1636291632,2,1636291632.129789
2713,1636291633,2,1636291633.133289
2714,1636291634,2,1636291634.139129
2715,1636291635,2,1636291635.145780
2716,1636291636,4,1636291636.158564
2717,1636291637,4,1636291637.164422
2718,1636291638,4,1636291638.170083
2719,1636291639,4,1636291639.176504
2720,1636291640,4,1636291640.182453
2721,1636291641,6,1636291641.191680
2722,1636291642,6,1636291642.197652
2723,1636291643,6,1636291643.201750
2724,1636291644,6,1636291644.207031
2725,1636291645,6,1636291645.212024
2726,1636291646,8,1636291646.222655
2727,1636291647,8,1636291647.226712
2728,1636291648,8,1636291648.230791
2729,1636291649,8,1636291649.234814
2730,1636291650,8,1636291650.241456
2731,1636291651,8,1636291651.252331
2732,1636291652,8,1636291652.255718
2733,1636291653,8,1636291653.261646
2734,1636291654,8,1636291654.268832
2735,1636291655,8,1636291655.274650
2736,1636291656,10,1636291656.287217
2737,1636291657,10,1636291657.291784
2738,1636291658,10,1636291658.295793
2739,1636291659,10,1636291659.301940
2740,1636291660,10,1636291660.308492
2741,1636291661,10,1636291661.316688
2742,1636291662,10,1636291662.323212
2743,1636291663,10,1636291663.328253
2744,1636291664,10,1636291664.334277
2745,1636291665,10,1636291665.339158
2746,1636291666,10,1636291666.351237
2747,1636291667,10,1636291667.355237
2748,1636291668,10,1636291668.360378
2749,1636291669,10,1636291669.364712
2750,1636291670,10,1636291670.369939
2751,1636291671,8,1636291671.381143
2752,1636291672,8,1636291672.385089
2753,1636291673,8,1636291673.390152
2754,1636291674,8,1636291674.396439
2755,1636291675,8,1636291675.402876
2756,1636291676,8,1636291676.414440
2757,1636291677,8,1636291677.419770
2758,1636291678,8,1636291678.423318
2759,1636291679,8,1636291679.426916
2800,1636291680,8,1636291680.432270
2801,1636291681,6,1636291681.443040
2802,1636291682,6,1636291682.447405
2803,1636291683,6,1636291683.451568
2804,1636291684,6,1636291684.455987
2805,1636291685,6,1636291685.460069
2806,1636291686,4,1636291686.469210
2807,1636291687,4,1636291687.474808
2808,1636291688,4,1636291688.478977
2809,1636291689,4,1636291689.483670
2810,1636291690,4,1636291690.488800
2811,1636291691,2,1636291691.498986
2812,1636291692,2,1636291692.504988
2813,1636291693,2,1636291693.508820
2814,1636291694,2,1636291694.515623
2815,1636291695,2,1636291695.521420
2816,1636291696,2,1636291696.533321
2817,1636291697,2,1636291697.539637
2818,1636291698,2,1636291698.544974
2819,1636291699,2,1636291699.551510
2820,1636291700,2,1636291700.558393
2821,1636291701,2,1636291701.570764
2822,1636291702,2,1636291702.573816
2823,1636291703,2,1636291703.579591
2824,1636291704,2,1636291704.584161
2825,1636291705,2,1636291705.590294
2826,1636291706,4,1636291706.601645
2827,1636291707,4,1636291707.605487
2828,1636291708,4,1636291708.609674
2829,1636291709,4,1636291709.614657
2830,1636291710,4,1636291710.618432
2831,1636291711,6,1636291711.627350
2832,1636291712,6,1636291712.631796
2833,1636291713,6,1636291713.634698
2834,1636291714,6,1636291714.637777
2835,1636291715,6,1636291715.643063
2836,1636291716,8,1636291716.655097
2837,1636291717,8,1636291717.659601
2838,1636291718,8,1636291718.664866
2839,1636291719,8,1636291719.670116
2840,1636291720,8,1636291720.675631
2841,1636291721,8,1636291721.687509
2842,1636291722,8,1636291722.692107
2843,1636291723,8,1636291723.695819
2844,1636291724,8,1636291724.699774
2845,1636291725,8,1636291725.706032
2846,1636291726,10,1636291726.717554
2847,1636291727,10,1636291727.721542
2848,1636291728,10,1636291728.725256
2849,1636291729,10,1636291729.729645
2850,1636291730,10,1636291730.734790
2851,1636291731,10,1636291731.743049
2852,1636291732,10,1636291732.746016
2853,1636291733,10,1636291733.751164
2854,1636291734,10,1636291734.757648
2855,1636291735,10,1636291735.763518
2856,1636291736,10,1636291736.775471
2857,1636291737,10,1636291737.781502
2858,1636291738,10,1636291738.785236
2859,1636291739,10,1636291739.790647
2900,1636291740,10,1636291740.795029
2901,1636291741,8,1636291741.803342
2902,1636291742,8,1636291742.806775
2903,1636291743,8,1636291743.812875
2904,1636291744,8,1636291744.817078
2905,1636291745,8,1636291745.822928
2906,1636291746,8,1636291746.835982
2907,1636291747,8,1636291747.841751
2908,1636291748,8,1636291748.848302
2909,1636291749,8,1636291749.854979
2910,1636291750,8,1636291750.860799
2911,1636291751,6,1636291751.872230
2912,1636291752,6,1636291752.876004
2913,1636291753,6,1636291753.881312
2914,1636291754,6,1636291754.887069
2915,1636291755,6,1636291755.893544
2916,1636291756,4,1636291756.901581
2917,1636291757,4,1636291757.907810
2918,1636291758,4,1636291758.911972
2919,1636291759,4,1636291759.915990
2920,1636291760,4,1636291760.919786
2921,1636291761,2,1636291761.930867
2922,1636291762,2,1636291762.935323
2923,1636291763,2,1636291763.941130
2924,1636291764,2,1636291764.947258
2925,1636291765,2,1636291765.953425
2926,1636291766,2,1636291766.965711
2927,1636291767,2,1636291767.971020
2928,1636291768,2,1636291768.976852
2929,1636291769,2,1636291769.981939
2930,1636291770,2,1636291770.985903
2931,1636291771,2,1636291771.998395
2933,1636291773,2,1636291773.002261
2934,1636291774,2,1636291774.007288
2935,1636291775,2,1636291775.012161
2936,1636291776,2,1636291776.016237
2937,1636291777,4,1636291777.030376
2938,1636291778,4,1636291778.035512
2939,1636291779,4,1636291779.039581
2940,1636291780,4,1636291780.043945
2941,1636291781,4,1636291781.047946
2942,1636291782,6,1636291782.058936
2943,1636291783,6,1636291783.063411
2944,1636291784,6,1636291784.068757
2945,1636291785,6,1636291785.074605
2946,1636291786,6,1636291786.080659
2947,1636291787,8,1636291787.094906
2948,1636291788,8,1636291788.100171
2949,1636291789,8,1636291789.106404
2950,1636291790,8,1636291790.112196
2951,1636291791,8,1636291791.117925
2952,1636291792,8,1636291792.131358
2953,1636291793,8,1636291793.136610
2954,1636291794,8,1636291794.142805
2955,1636291795,8,1636291795.149530
2956,1636291796,8,1636291796.155891
2957,1636291797,10,1636291797.170173
2958,1636291798,10,1636291798.175752
2959,1636291799,10,1636291799.181357
3000,1636291800,10,1636291800.186839
3001,1636291801,10,1636291801.192419
3002,1636291802,10,1636291802.204486
3003,1636291803,10,1636291803.210275
3004,1636291804,10,1636291804.216008
3005,1636291805,10,1636291805.220473
3006,1636291806,10,1636291806.225929
3007,1636291807,10,1636291807.240132
3008,1636291808,10,1636291808.246824
3009,1636291809,10,1636291809.252521
3010,1636291810,10,1636291810.258728
3011,1636291811,10,1636291811.265390
3012,1636291812,8,1636291812.277997
3013,1636291813,8,1636291813.283793
3014,1636291814,8,1636291814.290063
3015,1636291815,8,1636291815.296750
3016,1636291816,8,1636291816.302777
3017,1636291817,8,1636291817.317798
3018,1636291818,8,1636291818.322945
3019,1636291819,8,1636291819.329322
3020,1636291820,8,1636291820.336161
3021,1636291821,8,1636291821.343087
3022,1636291822,6,1636291822.356022
3023,1636291823,6,1636291823.361090
3024,1636291824,6,1636291824.366988
3025,1636291825,6,1636291825.373278
3026,1636291826,6,1636291826.379835
3027,1636291827,4,1636291827.392791
3028,1636291828,4,1636291828.399008
3029,1636291829,4,1636291829.405541
3030,1636291830,4,1636291830.411951
3031,1636291831,4,1636291831.418671
3032,1636291832,2,1636291832.435318
3033,1636291833,2,1636291833.441914
3034,1636291834,2,1636291834.448400
3035,1636291835,2,1636291835.453954
3036,1636291836,2,1636291836.460189
3037,1636291837,2,1636291837.473024
3038,1636291838,2,1636291838.478804
3039,1636291839,2,1636291839.485300
3040,1636291840,2,1636291840.490886
3041,1636291841,2,1636291841.496738
3042,1636291842,2,1636291842.508852
3043,1636291843,2,1636291843.515397
3044,1636291844,2,1636291844.522226
3045,1636291845,2,1636291845.528985
3046,1636291846,2,1636291846.535631
3047,1636291847,4,1636291847.549763
3048,1636291848,4,1636291848.556480
3049,1636291849,4,1636291849.563132
3050,1636291850,4,1636291850.569488
3051,1636291851,4,1636291851.575624
3052,1636291852,6,1636291852.590239
3053,1636291853,6,1636291853.596727
3054,1636291854,6,1636291854.603350
3055,1636291855,6,1636291855.610217
3056,1636291856,6,1636291856.616928
3057,1636291857,8,1636291857.632356
3058,1636291858,8,1636291858.638881
3059,1636291859,8,1636291859.645600
3100,1636291860,8,1636291860.652290
3101,1636291861,8,1636291861.659274
3102,1636291862,8,1636291862.674043
3103,1636291863,8,1636291863.680576
3104,1636291864,8,1636291864.687247
3105,1636291865,8,1636291865.694012
3106,1636291866,8,1636291866.701110
3107,1636291867,10,1636291867.716023
3108,1636291868,10,1636291868.722541
3109,1636291869,10,1636291869.727945
3110,1636291870,10,1636291870.732619
3111,1636291871,10,1636291871.739163
3112,1636291872,10,1636291872.752761
3113,1636291873,10,1636291873.759423
3114,1636291874,10,1636291874.766136
3115,1636291875,10,1636291875.772710
3116,1636291876,10,1636291876.779350
3117,1636291877,10,1636291877.794064
3118,1636291878,10,1636291878.798895
3119,1636291879,10,1636291879.805218
3120,1636291880,10,1636291880.809439
3121,1636291881,10,1636291881.816051
3122,1636291882,8,1636291882.829173
3123,1636291883,8,1636291883.835928
3124,1636291884,8,1636291884.840654
3125,1636291885,8,1636291885.846459
3126,1636291886,8,1636291886.853875
3127,1636291887,8,1636291887.872387
3128,1636291888,8,1636291888.878012
3129,1636291889,8,1636291889.884809
3130,1636291890,8,1636291890.891611
3131,1636291891,8,1636291891.898414
3132,1636291892,6,1636291892.913340
3133,1636291893,6,1636291893.919995
3134,1636291894,6,1636291894.926503
3135,1636291895,6,1636291895.933060
3136,1636291896,6,1636291896.939574
3137,1636291897,4,1636291897.954555
3138,1636291898,4,1636291898.961458
3139,1636291899,4,1636291899.968092
3140,1636291900,4,1636291900.974614
3141,1636291901,4,1636291901.981170
3142,1636291902,2,1636291902.994848
3143,1636291903,2,1636291903.998940
3145,1636291905,2,1636291905.005035
3146,1636291906,2,1636291906.012043
3147,1636291907,2,1636291907.018698
3148,1636291908,2,1636291908.032589
3149,1636291909,2,1636291909.039014
3150,1636291910,2,1636291910.045689
3151,1636291911,2,1636291911.052274
3152,1636291912,2,1636291912.058874
3153,1636291913,2,1636291913.073446
3154,1636291914,2,1636291914.079932
3155,1636291915,2,1636291915.086427
3156,1636291916,2,1636291916.092643
3157,1636291917,2,1636291917.098684
3158,1636291918,4,1636291918.112718
3159,1636291919,4,1636291919.118744
3200,1636291920,4,1636291920.124043
3201,1636291921,4,1636291921.127969
3202,1636291922,4,1636291922.132073
3203,1636291923,6,1636291923.143332
3204,1636291924,6,1636291924.149948
3205,1636291925,6,1636291925.156115
3206,1636291926,6,1636291926.162535
3207,1636291927,6,1636291927.168310
3208,1636291928,8,1636291928.181818
3209,1636291929,8,1636291929.188137
3210,1636291930,8,1636291930.194580
3211,1636291931,8,1636291931.200966
3212,1636291932,8,1636291932.207440
3213,1636291933,8,1636291933.221752
3214,1636291934,8,1636291934.228373
3215,1636291935,8,1636291935.233648
3216,1636291936,8,1636291936.237533
3217,1636291937,8,1636291937.243519
3218,1636291938,10,1636291938.257586
3219,1636291939,10,1636291939.264129
3220,1636291940,10,1636291940.269161
3221,1636291941,10,1636291941.275520
3222,1636291942,10,1636291942.282152
3223,1636291943,10,1636291943.300277
3224,1636291944,10,1636291944.306886
3225,1636291945,10,1636291945.313154
3226,1636291946,10,1636291946.319817
3227,1636291947,10,1636291947.326348
3228,1636291948,10,1636291948.340278
3229,1636291949,10,1636291949.346975
3230,1636291950,10,1636291950.353770
3231,1636291951,10,1636291951.360541
3232,1636291952,10,1636291952.367434
3233,1636291953,8,1636291953.382914
3234,1636291954,8,1636291954.389691
3235,1636291955,8,1636291955.396305
3236,1636291956,8,1636291956.403202
3237,1636291957,8,1636291957.409886
3238,1636291958,8,1636291958.423450
3239,1636291959,8,1636291959.429997
3240,1636291960,8,1636291960.436011
3241,1636291961,8,1636291961.439706
3242,1636291962,8,1636291962.445398
3243,1636291963,6,1636291963.458715
3244,1636291964,6,1636291964.464058
3245,1636291965,6,1636291965.470006
3246,1636291966,6,1636291966.475805
3247,1636291967,6,1636291967.481087
3248,1636291968,4,1636291968.492125
3249,1636291969,4,1636291969.498030
3250,1636291970,4,1636291970.504763
3251,1636291971,4,1636291971.511582
3252,1636291972,4,1636291972.519163
3253,1636291973,2,1636291973.534019
3254,1636291974,2,1636291974.538846
3255,1636291975,2,1636291975.545110
3256,1636291976,2,1636291976.551926
3257,1636291977,2,1636291977.558584
3258,1636291978,2,1636291978.574036
3259,1636291979,2,1636291979.580913
3300,1636291980,2,1636291980.587340
3301,1636291981,2,1636291981.594076
3302,1636291982,2,1636291982.600942
3303,1636291983,2,1636291983.615282
3304,1636291984,2,1636291984.622100
3305,1636291985,2,1636291985.628633
3306,1636291986,2,1636291986.635204
3307,1636291987,2,1636291987.641849
3308,1636291988,4,1636291988.656719
3309,1636291989,4,1636291989.663162
3310,1636291990,4,1636291990.669915
3311,1636291991,4,1636291991.675607
3312,1636291992,4,1636291992.681947
3313,1636291993,6,1636291993.695964
3314,1636291994,6,1636291994.702555
3315,1636291995,6,1636291995.709188
3316,1636291996,6,1636291996.715935
3317,1636291997,6,1636291997.722773
3318,1636291998,8,1636291998.738033
3319,1636291999,8,1636291999.744981
3320,1636292000,8,1636292000.751701
3321,1636292001,8,1636292001.756572
3322,1636292002,8,1636292002.760801
3323,1636292003,8,1636292003.770636
3324,1636292004,8,1636292004.776506
3325,1636292005,8,1636292005.783020
3326,1636292006,8,1636292006.789345
3327,1636292007,8,1636292007.795378
3328,1636292008,10,1636292008.809658
3329,1636292009,10,1636292009.816483
3330,1636292010,10,1636292010.823367
3331,1636292011,10,1636292011.829628
3332,1636292012,10,1636292012.836589
3333,1636292013,10,1636292013.850807
3334,1636292014,10,1636292014.857276
3335,1636292015,10,1636292015.863821
3336,1636292016,10,1636292016.870342
3337,1636292017,10,1636292017.876231
3338,1636292018,10,1636292018.890869
3339,1636292019,10,1636292019.897345
3340,1636292020,10,1636292020.903373
3341,1636292021,10,1636292021.909521
3342,1636292022,10,1636292022.915885
3343,1636292023,8,1636292023.926983
3344,1636292024,8,1636292024.933553
3345,1636292025,8,1636292025.940105
3346,1636292026,8,1636292026.946935
3347,1636292027,8,1636292027.953511
3348,1636292028,8,1636292028.967331
3349,1636292029,8,1636292029.973226
3350,1636292030,8,1636292030.979974
3351,1636292031,8,1636292031.986531
3352,1636292032,8,1636292032.993328
3354,1636292034,6,1636292034.007828
3355,1636292035,6,1636292035.011794
3356,1636292036,6,1636292036.016995
3357,1636292037,6,1636292037.023619
3358,1636292038,6,1636292038.030321
3359,1636292039,4,1636292039.045632
3400,1636292040,4,1636292040.051622
